0.13395752	-0.4902761
0.19325753	-0.60509443
0.07094042	-0.6017815
0.19881277	-0.54478604
0.3913691	-0.56888413
0.27691326	0.7885909
0.151546	0.91523075
0.09436209	0.91583395
-0.041801773	0.8014535
-0.16413528	-0.5607252
0.065781705	-0.54757154
0.04669484	-0.668859
0.114104114	-0.7899007
-0.022517603	-0.79407483
0.116374776	-0.7243991
0.3226568	-0.74050885
0.19152631	0.70250416
0.04363735	0.8413489
-0.013218807	0.83759487
-0.15410528	0.70158255
-0.25939745	-0.7474747
-0.02153865	-0.7222126
0.14745058	-0.6487908
0.20018452	-0.765476
0.06774974	-0.7588455
0.21432176	-0.7030078
0.4203844	-0.7494141
0.33802363	0.73695374
0.2064653	0.87710214
0.15044501	0.88286555
-0.001869332	0.7563759
-0.16759065	-0.71141016
0.070381485	-0.6994622
0.057290424	-0.6448862
0.11590389	-0.76424474
-0.009690438	-0.7594571
0.116657525	-0.69976246
0.3181355	-0.7184887
0.19496924	0.66698444
0.04961196	0.80090475
0.0005912776	0.80035377
-0.13880366	0.6702541
-0.24081683	-0.7235436
-0.01208839	-0.6991043
0.07561469	-0.5867294
0.13495769	-0.7061967
0.01052484	-0.70334303
0.13643557	-0.6313272
0.33426714	-0.6534519
0.23422009	0.6960443
0.10003853	0.8312402
0.04546225	0.8389871
-0.09064857	0.7012569
-0.20622724	-0.6481117
0.008706691	-0.63112175
0.10103497	-0.56570387
0.16086347	-0.6790404
0.027180012	-0.6755554
0.17167374	-0.62135303
0.36591047	-0.6469514
0.26856005	0.7664472
0.11764155	0.9035473
0.075266406	0.9131025
-0.06772904	0.78258765
-0.20046735	-0.6379918
0.03218516	-0.6197201
-0.071016595	-0.6361227
-0.018107357	-0.7609287
-0.14192206	-0.75788456
-0.014424633	-0.7032436
0.19678956	-0.7363757
0.13239422	0.6990311
-0.006374296	0.84107375
-0.06414774	0.8495033
-0.21046375	0.7222626
-0.3697623	-0.69734603
-0.13876893	-0.68828833
-0.014099039	-0.58519167
0.04516983	-0.7038181
-0.078074664	-0.6969396
0.05446147	-0.6450809
0.2579707	-0.65892196
0.13616736	0.76392996
-0.018803615	0.9070624
-0.08304328	0.9102578
-0.22091815	0.7753155
-0.31219423	-0.6731068
-0.085556485	-0.647874
0.067187116	-0.6400951
0.12995788	-0.7657717
0.0021632342	-0.7603931
0.13249049	-0.6944268
0.3353239	-0.7232923
0.22602081	0.7009727
0.080113895	0.8457416
0.02903802	0.85014486
-0.11236347	0.7163633
-0.23318857	-0.7143995
-0.00054161064	-0.692993
0.102214485	-0.7242386
0.16244489	-0.8416137
0.030052789	-0.83969605
0.16307959	-0.7788081
0.37248498	-0.8017317
0.26644015	0.6224516
0.12841946	0.760941
0.07843336	0.75676584
-0.06745859	0.63191676
-0.20034009	-0.7898753
0.03028485	-0.7718092
0.15111153	-0.72688687
0.21540347	-0.8488689
0.0840299	-0.8508525
0.21785739	-0.777333
0.42846566	-0.80067647
0.27178356	0.66255367
0.13097899	0.7999476
0.07240957	0.79428387
-0.067217626	0.66139054
-0.16071579	-0.80788124
0.082683794	-0.7811562
0.03690389	-0.54122716
0.0971672	-0.6576051
-0.022744253	-0.6460093
0.106424704	-0.5978286
0.30780476	-0.61664146
0.20133123	0.7743
0.055474102	0.91004634
0.005242785	0.91389406
-0.14486131	0.7854458
-0.2573155	-0.6088576
-0.031140516	-0.5908358
-0.04726025	-0.7001161
0.012571039	-0.8176557
-0.117114365	-0.82401985
0.014219306	-0.753754
0.22325282	-0.77202606
0.11658269	0.64824
-0.023191687	0.7833502
-0.07976926	0.7858629
-0.2185407	0.655943
-0.35586262	-0.76379275
-0.12003578	-0.751543
-0.085562855	-0.7599713
-0.045229062	-0.8748926
-0.15983753	-0.87184805
-0.028400652	-0.8237368
0.16233644	-0.8409497
0.073208146	0.57530224
-0.06903994	0.7233614
-0.13916	0.7123058
-0.28111795	0.5892983
-0.40069962	-0.8362206
-0.16011867	-0.81986827
0.09382544	-0.7795565
0.14008467	-0.8941507
0.016477793	-0.8881532
0.14104448	-0.8303554
0.34310836	-0.85553277
0.24226637	0.52998495
0.101186484	0.6654204
0.048550647	0.6612567
-0.0975433	0.530407
-0.20856771	-0.84548104
0.014917741	-0.83159
0.033261165	-0.6484083
0.09346295	-0.77175343
-0.034140598	-0.7686819
0.097511336	-0.7047039
0.3008657	-0.73068875
0.19429223	0.70297813
0.044316083	0.84040594
0.0005639638	0.84538734
-0.14320494	0.7125058
-0.27083543	-0.72166777
-0.032942586	-0.7055758
-0.040432822	-0.74693745
0.018198358	-0.8623541
-0.10946407	-0.8613223
0.024360927	-0.79354656
0.22907071	-0.8123183
0.080477715	0.64890575
-0.065124184	0.78023744
-0.1208426	0.77187216
-0.26626757	0.6382375
-0.35155076	-0.82998717
-0.11408024	-0.80633026
0.09111288	-0.66929287
0.14947724	-0.7896175
0.020537619	-0.7797916
0.15450804	-0.72893476
0.35502446	-0.76154834
0.300971	0.6868814
0.16314572	0.8271049
0.116159104	0.8366139
-0.03126898	0.7101325
-0.21145487	-0.72099656
0.023788529	-0.7170001
0.078485645	-0.5966898
0.13567233	-0.7090065
0.010605683	-0.7137394
0.13815178	-0.6423545
0.33751342	-0.6617898
0.21054941	0.695374
0.065949015	0.83884704
0.016548555	0.83498526
-0.12569883	0.7016396
-0.2139447	-0.6723033
0.006519312	-0.6470825
-0.049413648	-0.5822147
0.01093304	-0.6989103
-0.11813977	-0.69925815
0.018145742	-0.64137924
0.21574011	-0.6644516
0.11839702	0.7247671
-0.021834936	0.8615359
-0.065781355	0.8631972
-0.21451327	0.7419361
-0.34362414	-0.6504785
-0.112966366	-0.6342716
0.025277339	-0.58857524
0.08055278	-0.70034313
-0.05000224	-0.7007516
0.08393806	-0.63808936
0.2722668	-0.6664341
0.16079473	0.69373786
0.017811142	0.83506894
-0.028922861	0.8304689
-0.16989969	0.7017337
-0.2683249	-0.6637061
-0.041658595	-0.6383387
-0.03779166	-0.63670117
0.021363469	-0.76203066
-0.10879856	-0.7613156
0.02671199	-0.69800293
0.22863463	-0.7138661
0.10044366	0.70365727
-0.028448712	0.8337667
-0.084888846	0.8324239
-0.22433138	0.7049837
-0.34083992	-0.7125435
-0.112173446	-0.6969328
0.06327057	-0.7004329
0.1292874	-0.8219655
-0.005608118	-0.8189328
0.13063821	-0.75181437
0.33885658	-0.7694855
0.20441876	0.6796701
0.05390751	0.8228376
-0.006335082	0.81810546
-0.14114068	0.67985594
-0.24636292	-0.78091025
-0.011503348	-0.75624603
0.044628307	-0.57820046
0.109285556	-0.69866997
-0.021183193	-0.6923021
0.10799804	-0.64036226
0.31119567	-0.6587181
0.20368245	0.73598933
0.055421464	0.87162924
-0.0016307798	0.8771807
-0.13953406	0.747868
-0.252217	-0.6532787
-0.026447577	-0.6363864
-0.027314533	-0.6374537
0.034052573	-0.7557729
-0.09529457	-0.7595197
0.0418178	-0.6959261
0.24106477	-0.713122
0.0968381	0.70222557
-0.046070796	0.8374574
-0.100110374	0.83363616
-0.24227022	0.69964635
-0.3316296	-0.72785276
-0.09791966	-0.7024136
0.052192666	-0.5942459
0.10931822	-0.72566074
-0.015880879	-0.71440434
0.1117619	-0.65968263
0.3190086	-0.69152683
0.23630367	0.73345125
0.089796014	0.87316406
0.038629916	0.885126
-0.10536528	0.7568021
-0.2481882	-0.6620204
-0.015566727	-0.6514646
0.13464908	-0.76245445
0.20191579	-0.8828797
0.058893584	-0.8851523
0.20467561	-0.81261325
0.41131473	-0.83612686
0.29019675	0.6300169
0.14908719	0.7793654
0.08487606	0.7809371
-0.057726145	0.6426861
-0.18338823	-0.8259001
0.060995363	-0.815091
-0.009406418	-0.6241745
0.051650375	-0.74847466
-0.07855069	-0.7448982
0.054167684	-0.68096185
0.2528619	-0.7100512
0.14097969	0.65742767
8.516386e-05	0.8004738
-0.05546163	0.7943553
-0.19666696	0.6639365
-0.29463914	-0.70688903
-0.07465613	-0.6807706
-0.072766855	-0.5522316
-0.009528061	-0.6679482
-0.13617982	-0.66761595
-0.0071563832	-0.6044047
0.19718063	-0.6248252
0.067862794	0.7598429
-0.07495907	0.9013587
-0.1327959	0.90418875
-0.26874456	0.7642235
-0.36996365	-0.637328
-0.14150085	-0.6052566
