0.28316236	-0.42837885
0.55785406	-0.4468897
0.66322523	-0.4989934
0.9016478	0.72232425
0.3386423	0.7859044
-0.27486575	0.79612726
-0.16410215	-0.446069
-0.009615197	-0.4053669
0.25014013	-0.39567128
0.5329025	-0.3956868
0.64708996	-0.4371298
0.85155916	0.79194504
0.2807808	0.8421899
-0.33233958	0.8220704
-0.18293065	-0.4173941
-0.03019664	-0.38199055
0.26901233	-0.49386066
0.5565596	-0.49335814
0.6488963	-0.52610797
0.86735415	0.68385303
0.30189705	0.7259316
-0.30250084	0.7110565
-0.16710602	-0.50665903
-0.024684615	-0.46997094
0.27742305	-0.59504616
0.576829	-0.58903617
0.68101287	-0.6324327
0.8814192	0.6266386
0.28294176	0.6741632
-0.34406602	0.6301563
-0.17881815	-0.6310344
-0.036584973	-0.5902992
0.30919582	-0.44926292
0.5876795	-0.4423988
0.6814794	-0.48744112
0.87586737	0.75957704
0.3147806	0.7859731
-0.28890526	0.7547588
-0.13340275	-0.49546474
0.0075798114	-0.44289768
0.23176207	-0.52407235
0.50370604	-0.5314385
0.6135091	-0.57564974
0.80836797	0.6355946
0.25063938	0.6914249
-0.36260283	0.6350023
-0.2080705	-0.56924564
-0.05859166	-0.52275634
0.32232723	-0.50488186
0.60168	-0.50578046
0.700597	-0.5518959
0.88822603	0.6839659
0.32299066	0.7194209
-0.28641582	0.6727912
-0.1326948	-0.55950147
0.009748567	-0.50971717
0.3146401	-0.6437392
0.6049249	-0.66328394
0.6910043	-0.7146356
0.9234749	0.521399
0.34572226	0.58067834
-0.2684701	0.56667256
-0.13318092	-0.6789869
0.00787786	-0.6350991
0.3174454	-0.43416598
0.5856983	-0.4485222
0.6826867	-0.49613023
0.8879442	0.7045417
0.3371517	0.7571167
-0.2506687	0.73033
-0.110120356	-0.48113352
0.022506326	-0.43110567
0.2692375	-0.47565526
0.55426466	-0.47898334
0.6496837	-0.52694726
0.8692398	0.7356236
0.28213406	0.793996
-0.3351769	0.7589661
-0.19007257	-0.510089
-0.044348236	-0.46990484
0.28169376	-0.7591062
0.57306296	-0.7695894
0.67768675	-0.8282555
0.90858567	0.49479562
0.29181874	0.5608869
-0.36295325	0.531659
-0.20922226	-0.8145813
-0.050209206	-0.75193053
0.3283267	-0.54474825
0.6114583	-0.54166317
0.70240074	-0.5757352
0.88775694	0.637565
0.3344627	0.6654482
-0.26392055	0.64030504
-0.10593185	-0.57849634
0.019784048	-0.5354759
0.2921987	-0.47620946
0.5803316	-0.47711456
0.6746871	-0.5228929
0.8978087	0.7152954
0.32459188	0.7677768
-0.2810651	0.76266
-0.15987432	-0.48926336
-0.006470711	-0.45331544
0.33275265	-0.4490373
0.6009911	-0.4564464
0.70288616	-0.5007548
0.8794999	0.7119655
0.3258748	0.7567541
-0.27362156	0.69470507
-0.106124945	-0.51429623
0.030724458	-0.45759583
0.27940914	-0.5382696
0.56900376	-0.5576368
0.6727095	-0.6120159
0.88347757	0.6594147
0.29763383	0.7107506
-0.32420224	0.67028326
-0.16276494	-0.5954443
-0.023216743	-0.54942125
0.3276852	-0.42226928
0.6049078	-0.40374494
0.7054183	-0.44359106
0.86609566	0.77889335
0.30184722	0.79214156
-0.29600358	0.71390873
-0.11082628	-0.48972028
0.037027407	-0.42919427
0.29162422	-0.4256787
0.5635978	-0.41572988
0.66946846	-0.46237135
0.8494748	0.7895176
0.27844843	0.8104361
-0.3272766	0.7584685
-0.16935503	-0.4875117
-0.017600186	-0.4368664
0.29993257	-0.35631612
0.57434285	-0.36768544
0.66898316	-0.41617918
0.8624332	0.8213228
0.29834366	0.8574385
-0.29553252	0.815266
-0.13947001	-0.42446113
0.00068943016	-0.37162226
0.28046182	-0.43815312
0.5755822	-0.42831922
0.67394644	-0.46621877
0.8310993	0.81311846
0.24019721	0.8229546
-0.38181478	0.74427533
-0.17875911	-0.51665056
-0.049544174	-0.46307766
0.28033707	-0.57812977
0.56124353	-0.59171087
0.66334623	-0.6416336
0.86340666	0.61630833
0.28086728	0.6642084
-0.3309334	0.61626333
-0.16865222	-0.6346409
-0.020357136	-0.58676916
0.25896573	-0.5745068
0.56809384	-0.5863413
0.6769223	-0.64651704
0.8824078	0.7041826
0.25759953	0.75249815
-0.40308738	0.7108397
-0.22729342	-0.6443329
-0.07136967	-0.58319646
0.27556694	-0.48910964
0.5809827	-0.49161416
0.6723227	-0.52740586
0.8773254	0.7327715
0.27886003	0.77869153
-0.35215813	0.7245582
-0.17689535	-0.5313289
-0.04814694	-0.4885065
0.28571177	-0.58175796
0.54726166	-0.5815143
0.6598926	-0.6352627
0.8519659	0.57632
0.28973365	0.62313294
-0.3063882	0.5890845
-0.15454525	-0.61682296
-0.01049455	-0.5798315
0.27413183	-0.4445863
0.54951817	-0.45628303
0.65453833	-0.50728256
0.8748492	0.70613956
0.31626248	0.7691295
-0.29408193	0.7558362
-0.16839883	-0.46901274
-0.026685689	-0.42824864
0.3007957	-0.476834
0.58097863	-0.508926
0.67498624	-0.57102585
0.89649975	0.67199653
0.3394099	0.7394576
-0.2583893	0.7270849
-0.14194529	-0.5274467
0.006176299	-0.46738434
0.25018692	-0.37957168
0.5063132	-0.41278452
0.6165381	-0.4644947
0.8416158	0.706604
0.3217451	0.7916434
-0.26455688	0.7839387
-0.16144408	-0.4048857
-0.019987468	-0.36437845
0.21838436	-0.57205766
0.492521	-0.5916834
0.60528076	-0.6462974
0.82238877	0.5958429
0.23306341	0.6618464
-0.3870365	0.62068033
-0.22760771	-0.6265122
-0.074565716	-0.5758055
0.32364687	-0.5186115
0.6069611	-0.5121148
0.6922967	-0.5428031
0.86276495	0.6615684
0.30262423	0.69030154
-0.28533256	0.62660867
-0.11348191	-0.5684063
0.014126054	-0.528729
0.342945	-0.50644726
0.61014783	-0.51805043
0.70334363	-0.56148267
0.8779657	0.6296127
0.33897054	0.67126894
-0.23386212	0.6178795
-0.09083383	-0.56739265
0.044415217	-0.5179304
0.32147905	-0.5004127
0.6157196	-0.4788257
0.7024471	-0.49557292
0.8432766	0.78448117
0.25842327	0.77670324
-0.35308045	0.6834042
-0.13376412	-0.5764387
-0.005603987	-0.5273496
0.26536846	-0.44969624
0.5861744	-0.45389378
0.6721538	-0.48510236
0.8617741	0.7991638
0.27047664	0.83609724
-0.36240143	0.7843344
-0.19268574	-0.50228316
-0.06690246	-0.45820957
0.29917645	-0.4808324
0.5655893	-0.5040952
0.6707525	-0.54617584
0.8974308	0.67520356
0.32856256	0.7368875
-0.2699251	0.73555845
-0.14673099	-0.51769555
0.00978473	-0.4796052
0.24601148	-0.6487094
0.55945754	-0.6512501
0.649973	-0.7020541
0.8758774	0.6029618
0.26540995	0.6836229
-0.39453346	0.63927007
-0.23132999	-0.6852431
-0.10995987	-0.64807355
