0.30116808	-0.35525882
0.5673658	-0.3602507
0.6613838	-0.41345632
0.8540576	0.7701108
0.31313288	0.8297725
-0.26110697	0.8016349
-0.12537505	-0.3977446
0.0010121092	-0.35078663
0.26523697	-0.4845418
0.5685325	-0.48087245
0.66642755	-0.5265122
0.84638953	0.7886064
0.2478114	0.81245184
-0.3836501	0.7549434
-0.20192519	-0.54494935
-0.06661894	-0.49869627
0.27089304	-0.37636852
0.54312843	-0.37893555
0.6389245	-0.41822565
0.80446166	0.80960083
0.24986792	0.82091904
-0.32332474	0.777754
-0.16035648	-0.43817902
-0.03157177	-0.39411753
0.29151142	-0.4282015
0.60244507	-0.43370277
0.69521993	-0.47040337
0.8870037	0.8300678
0.287543	0.86718154
-0.3570008	0.82577616
-0.18714905	-0.481817
-0.052116066	-0.43835175
0.3011359	-0.45075262
0.56630915	-0.46240062
0.67832655	-0.5162293
0.877422	0.7308484
0.2967813	0.7768158
-0.32019892	0.73721904
-0.15278028	-0.51851153
-0.0044386014	-0.46315533
0.2613961	-0.34305587
0.53807855	-0.36677125
0.65230405	-0.4266197
0.87222314	0.8509095
0.28089473	0.9107224
-0.34672	0.8882261
-0.20548889	-0.40957892
-0.0687768	-0.34670967
0.24502844	-0.45614418
0.5047447	-0.45126584
0.6177069	-0.48938817
0.80481744	0.707084
0.24188277	0.7294098
-0.34124598	0.7014846
-0.18985884	-0.48963767
-0.06465005	-0.46427238
0.22252697	-0.5038994
0.5094174	-0.5143157
0.59838665	-0.55492806
0.8005352	0.70326215
0.22378896	0.73811877
-0.38297388	0.7006442
-0.2282457	-0.5571411
-0.08663717	-0.5169834
0.20342273	-0.50851387
0.48182335	-0.52141935
0.58334	-0.58623356
0.8113517	0.71374923
0.21644014	0.7628473
-0.42168048	0.7406677
-0.26284602	-0.5657366
-0.11895046	-0.5114906
0.30233887	-0.61176383
0.5903683	-0.60563016
0.69667023	-0.64316314
0.86902833	0.61010087
0.289575	0.6471374
-0.32487744	0.58539087
-0.15240012	-0.67081714
-0.006665081	-0.6163614
0.31574216	-0.66643214
0.5949343	-0.67182094
0.6966866	-0.7180228
0.88481534	0.5330576
0.32374015	0.5737504
-0.2744256	0.5352269
-0.12724297	-0.7172078
0.017873041	-0.6663142
0.37572798	-0.5200418
0.65274775	-0.5143947
0.7442659	-0.5547323
0.9096484	0.6366809
0.35450882	0.66428757
-0.22071478	0.5982162
-0.056464415	-0.58191615
0.07417543	-0.53003174
0.31727052	-0.58563304
0.5998024	-0.5963895
0.70377845	-0.6474912
0.90379405	0.635267
0.32700703	0.6842301
-0.28734532	0.64198464
-0.13444307	-0.63660955
0.012863807	-0.5868119
0.31344962	-0.37626907
0.5629368	-0.38183308
0.647153	-0.41920555
0.82699287	0.70147294
0.31251264	0.72424173
-0.22896844	0.70403165
-0.10052959	-0.42008805
0.029202119	-0.38138056
0.26811013	-0.5162004
0.5532646	-0.5229129
0.65805143	-0.5796358
0.8525918	0.70642304
0.2687481	0.7508298
-0.3610581	0.69917303
-0.19430354	-0.5797022
-0.04335071	-0.5253572
0.3447334	-0.44124115
0.6267704	-0.43158305
0.7375852	-0.46806192
0.92174006	0.7793417
0.32948723	0.80911815
-0.2980347	0.74966764
-0.12029083	-0.496086
0.026160676	-0.4496379
0.27730805	-0.43011636
0.5506053	-0.4678287
0.64404714	-0.51464236
0.90314233	0.6882809
0.33450714	0.777491
-0.2620895	0.7971936
-0.16986309	-0.44337028
-0.03077975	-0.40954512
0.28178596	-0.4189058
0.56422234	-0.44255352
0.6570838	-0.48920137
0.8995429	0.7329417
0.33078688	0.80172
-0.27323604	0.8057376
-0.17881072	-0.43825275
-0.030512244	-0.4000665
0.32864347	-0.6491749
0.5945287	-0.6799166
0.7006429	-0.74519736
0.91668034	0.5083268
0.35608998	0.5714705
-0.2383981	0.552742
-0.121903226	-0.70349944
0.028132476	-0.65072274
0.3179917	-0.556507
0.6193138	-0.55147487
0.70279855	-0.5766158
0.87241405	0.6498123
0.30255294	0.67465913
-0.29606795	0.61507434
-0.119562864	-0.6079949
-0.00049806386	-0.5598483
0.31660226	-0.67338634
0.6153259	-0.6477844
0.69957966	-0.6778735
0.83793193	0.5740783
0.27933916	0.57180536
-0.30613974	0.5147978
-0.13224669	-0.7233983
-0.004070293	-0.68189985
0.26673105	-0.54164875
0.57254887	-0.5276863
0.6775591	-0.552806
0.8641943	0.74975085
0.24471599	0.7706137
-0.39711502	0.71810806
-0.19091912	-0.5835973
-0.05673238	-0.54673314
0.26752013	-0.54858637
0.5432569	-0.5439267
0.64359105	-0.5875848
0.81689215	0.6161355
0.26158142	0.6510149
-0.32317337	0.58495694
-0.16304532	-0.60620356
-0.008316752	-0.5561003
0.25817883	-0.6188093
0.55032516	-0.6242051
0.65413505	-0.6655141
0.8644663	0.5968741
0.26673037	0.6507757
-0.35837725	0.59974927
-0.19402453	-0.6624647
-0.057727896	-0.6248195
0.30778968	-0.52210605
0.5603327	-0.5074958
0.66771716	-0.55034626
0.861205	0.64323014
0.30391917	0.6781005
-0.28049922	0.63700783
-0.117374554	-0.55591655
0.021210633	-0.5151903
0.28708893	-0.83884585
0.5689436	-0.85053813
0.6855618	-0.9095199
0.88580847	0.41822124
0.2801245	0.44858256
-0.33444944	0.41267318
-0.1713246	-0.9036103
-0.019385628	-0.85205275
0.28205663	-0.45216206
0.5663941	-0.46637657
0.67598295	-0.51952416
0.886557	0.76133466
0.29589638	0.81339216
-0.33846012	0.7897317
-0.18437046	-0.506781
-0.038255915	-0.4586742
0.3546163	-0.50594974
0.6265113	-0.48592365
0.73072463	-0.52661717
0.8842399	0.7280228
0.32034412	0.7385551
-0.2754783	0.6694119
-0.08978669	-0.5649069
0.048795253	-0.5164939
0.2874408	-0.6237834
0.58866084	-0.6309642
0.69487137	-0.68418133
0.9087095	0.6278675
0.29002267	0.6944951
-0.35874966	0.6415007
-0.19544888	-0.67681015
-0.04638704	-0.6234684
0.35720673	-0.5117885
0.64804995	-0.5085353
0.73564845	-0.5459022
0.9076372	0.6831246
0.3440144	0.7018509
-0.24111113	0.6456273
-0.083211765	-0.5635602
0.046404302	-0.52172667
0.28355086	-0.529875
0.57013446	-0.552828
0.67846555	-0.61660784
0.88143575	0.67775536
0.28528383	0.7322612
-0.3398993	0.69274575
-0.17423643	-0.60172516
-0.026104007	-0.53819245
0.35032788	-0.5408041
0.6360731	-0.5400486
0.72627336	-0.57282954
0.90320456	0.60167205
0.35042003	0.63548756
-0.22782816	0.5876667
-0.078700215	-0.5827427
0.054213453	-0.5428226
0.2746076	-0.57776624
0.5452473	-0.55520123
0.6481873	-0.5979768
0.8235751	0.6338039
0.26150125	0.65004325
-0.34047106	0.5953614
-0.1735054	-0.627617
-0.03622947	-0.5747861
