0.29040173	-0.6383027
0.5700018	-0.6583885
0.6802777	-0.7215045
0.8978019	0.55839014
0.30914176	0.62404484
-0.3177299	0.5962267
-0.18283936	-0.69671804
-0.03525755	-0.6466445
0.27380186	-0.54920876
0.5554484	-0.55937064
0.65897304	-0.60355735
0.843837	0.64511454
0.2733351	0.6872579
-0.33911425	0.6280767
-0.1686601	-0.60988665
-0.031685438	-0.5613307
0.2855941	-0.53956425
0.5705337	-0.5415112
0.67241657	-0.58307374
0.86451256	0.6680681
0.2859751	0.7146199
-0.32652658	0.659626
-0.15723678	-0.5938582
-0.023789	-0.54991883
0.32469156	-0.5387468
0.60560745	-0.5471143
0.70614296	-0.5982841
0.8914068	0.6847656
0.31394804	0.71680975
-0.29869518	0.6618956
-0.12828943	-0.60840786
0.015168735	-0.5464368
0.2897252	-0.554238
0.56175137	-0.5543662
0.66464436	-0.59805787
0.83305514	0.6206316
0.28044593	0.66178083
-0.31044382	0.59230155
-0.1509276	-0.6078472
-0.0062568104	-0.56691664
0.2744968	-0.47287434
0.55807537	-0.47140184
0.6505908	-0.512384
0.88187814	0.7144687
0.30449077	0.77276826
-0.31203872	0.7581549
-0.17727861	-0.47806132
-0.04648398	-0.45280433
0.36347157	-0.6247808
0.6330004	-0.6172695
0.7381827	-0.6512715
0.9066386	0.52807945
0.35696453	0.5725444
-0.22130045	0.526377
-0.07239397	-0.66699797
0.078879505	-0.61986727
0.34085718	-0.5435402
0.6290303	-0.5433836
0.7258726	-0.578443
0.8861614	0.6594779
0.3342355	0.67381096
-0.25572354	0.63568866
-0.09455029	-0.59221727
0.035239168	-0.55253124
0.36712965	-0.59178305
0.64005286	-0.5561778
0.7419542	-0.57088023
0.87241757	0.62373686
0.311184	0.6188205
-0.28137556	0.5277437
-0.062913224	-0.63638604
0.056493964	-0.59655106
0.30848765	-0.53397775
0.58057094	-0.5430962
0.6726219	-0.5583327
0.83769774	0.5870422
0.30555436	0.63011897
-0.2579042	0.5836132
-0.11500646	-0.5675228
0.02605464	-0.53247106
0.21706781	-0.6728362
0.5055516	-0.67726994
0.60467297	-0.71285474
0.7918091	0.55777615
0.2051796	0.59197724
-0.42319334	0.5476998
-0.23795238	-0.7279826
-0.099300295	-0.68287504
0.29144198	-0.34909862
0.55653024	-0.34137952
0.655673	-0.3966114
0.8288006	0.8436631
0.270651	0.85964155
-0.34311807	0.7909663
-0.14432001	-0.4120744
0.0014597857	-0.36905736
0.30736443	-0.60476923
0.6020289	-0.59252113
0.70124465	-0.62381214
0.8896991	0.6617929
0.28897303	0.6848345
-0.33891523	0.6229626
-0.1552417	-0.651413
-0.008910309	-0.60978335
0.31211302	-0.6350976
0.6091213	-0.6232751
0.71699065	-0.661293
0.8727081	0.6729764
0.2623108	0.6845081
-0.37713367	0.5963874
-0.15123346	-0.71275276
-0.004486869	-0.65398765
0.27561837	-0.55432737
0.57621425	-0.5468863
0.6917019	-0.5883259
0.85154414	0.77830744
0.23068355	0.77157927
-0.43604678	0.7139092
-0.2174007	-0.63769716
-0.06906735	-0.58531594
0.29545867	-0.51965654
0.5839458	-0.52219456
0.6886628	-0.5613645
0.8858905	0.7417264
0.28879952	0.7797055
-0.33914495	0.73373073
-0.16929972	-0.5655655
-0.033673286	-0.52069014
0.31319955	-0.6582132
0.6274403	-0.64930713
0.7336805	-0.6874628
0.890713	0.6295339
0.2742659	0.65657294
-0.36222428	0.57663333
-0.15509689	-0.72710407
-0.017700266	-0.6763197
0.2727056	-0.77865016
0.5706259	-0.7941945
0.6530552	-0.842224
0.88944733	0.46180627
0.2889844	0.52845263
-0.35205704	0.4901269
-0.2083768	-0.82958764
-0.057984803	-0.7801641
0.35609788	-0.62809885
0.63916624	-0.6080735
0.7418577	-0.6530498
0.8994172	0.62325
0.32413223	0.6406317
-0.28457227	0.5708982
-0.09696641	-0.6950403
0.034708228	-0.6413349
0.22216159	-0.60200644
0.49855065	-0.610667
0.61082846	-0.6612017
0.79412913	0.6177697
0.21266584	0.65793014
-0.41209224	0.6031782
-0.23280162	-0.66900283
-0.08294214	-0.60798657
0.3292481	-0.67305386
0.6058295	-0.6764548
0.709132	-0.73682797
0.88404024	0.53479624
0.3177587	0.5712961
-0.2776482	0.51638293
-0.11660409	-0.74942786
0.024336528	-0.69208515
0.28078592	-0.609968
0.5672078	-0.641248
0.6731237	-0.70279604
0.8992344	0.57688916
0.30883008	0.66052496
-0.32079458	0.6441303
-0.18278804	-0.6653562
-0.043406945	-0.61795115
0.27627137	-0.57712287
0.5524561	-0.60373485
0.6629808	-0.6619134
0.90216345	0.61641926
0.30100936	0.69853806
-0.32827657	0.6645708
-0.17671278	-0.6381271
-0.03404619	-0.57756144
0.33049455	-0.66554815
0.63070256	-0.64478385
0.7404603	-0.68245614
0.89601624	0.6313487
0.28880355	0.6386596
-0.32956946	0.5645516
-0.11896845	-0.72524273
0.016245242	-0.6814318
0.25817168	-0.8048005
0.53689903	-0.80713934
0.6566479	-0.871179
0.8570101	0.47358227
0.23844711	0.52574754
-0.3986678	0.4757706
-0.23030707	-0.87286025
-0.08161297	-0.8098235
0.34166333	-0.63329256
0.62071407	-0.6246411
0.73345524	-0.6623771
0.8815217	0.635087
0.2902867	0.64081824
-0.32332343	0.56309015
-0.108172424	-0.71776474
0.02540588	-0.6559541
0.26303646	-0.63411117
0.5597689	-0.6455536
0.67222464	-0.6995089
0.8805219	0.6096779
0.26607317	0.67010266
-0.37340856	0.6211827
-0.20337701	-0.6930061
-0.05323862	-0.63810396
0.23811716	-0.6887882
0.5091725	-0.7120506
0.6332882	-0.7700628
0.83402294	0.50764906
0.2488112	0.58273697
-0.3722333	0.5330878
-0.22411475	-0.7589024
-0.069434576	-0.6960282
0.3029056	-0.53408635
0.58622265	-0.53892326
0.68462795	-0.5882476
0.86690986	0.65723
0.29519647	0.7032049
-0.30647275	0.64542866
-0.14872867	-0.5844203
-0.0043361513	-0.54377854
0.31835654	-0.6123565
0.6141602	-0.60270405
0.72079897	-0.6360499
0.8683069	0.6781359
0.27322552	0.6828117
-0.35237247	0.61625046
-0.14590749	-0.68610644
-0.013214313	-0.6299671
0.28562587	-0.73314667
0.5872138	-0.7360923
0.6862701	-0.80434895
0.8700216	0.5258812
0.27066243	0.5753312
-0.36622265	0.5132653
-0.19849038	-0.8105637
-0.044087272	-0.74311614
0.33483034	-0.6298342
0.6237368	-0.6097659
0.7199478	-0.64363086
0.8686665	0.64050484
0.29321647	0.64700276
-0.31322983	0.56485546
-0.11398556	-0.69120085
0.02002095	-0.6408925
0.20746091	-0.5886235
0.50969934	-0.6181162
0.6279986	-0.6956186
0.90122336	0.6778804
0.25925577	0.78420067
-0.42984885	0.76304764
-0.28553766	-0.643522
-0.12973285	-0.57499325
