0.7382114	0.46442378
0.050777003	0.4009829
0.7162733	0.14996958
0.099063575	0.10614749
0.6987784	-0.14944015
0.15356673	-0.21170712
0.61002964	-0.3900098
0.2529487	-0.39930177
0.5742471	-0.57968515
0.2927101	-0.59594077
0.6517987	0.4205473
-0.059396997	0.38841125
0.62427586	0.09733486
0.005188208	0.07648587
0.5967268	-0.2240631
0.037013423	-0.23888475
0.49808258	-0.4707769
0.14227313	-0.47067595
0.46355182	-0.6916846
0.18120676	-0.68426836
0.71549195	0.43602443
-0.016918248	0.48277947
0.67167616	0.13297237
0.014792396	0.16504477
0.61758554	-0.20183998
0.03912547	-0.16635385
0.50006795	-0.44838342
0.14082783	-0.4114591
0.45378965	-0.67477465
0.16049424	-0.64419967
0.7459271	0.54050285
0.065190636	0.47763535
0.7198757	0.23062932
0.113970056	0.17816675
0.71310544	-0.0894213
0.16237591	-0.1386505
0.62146753	-0.33551398
0.2730385	-0.35642642
0.59182495	-0.5452525
0.3047873	-0.56390625
0.6229789	0.36141157
-0.07398986	0.33396444
0.5857681	0.059128404
-0.026031064	0.02882347
0.5709319	-0.25377536
0.026248991	-0.27756202
0.48111075	-0.49482435
0.12736528	-0.49035263
0.4451532	-0.7030616
0.16590673	-0.7023834
0.5462072	0.47939295
-0.13311078	0.500066
0.50824124	0.173035
-0.09073749	0.21171479
0.46187732	-0.13013944
-0.06958336	-0.118087105
0.3688125	-0.3629924
0.030488398	-0.35002774
0.32277748	-0.5619252
0.04894302	-0.5579356
0.7131131	0.3906721
-0.0036079083	0.3374414
0.6890718	0.07125312
0.045955874	0.025991602
0.67836344	-0.24803275
0.09145741	-0.2963389
0.583581	-0.51559585
0.21063699	-0.52857137
0.54783726	-0.74656284
0.2530008	-0.75870055
0.69768363	0.45975435
-0.002239706	0.43681905
0.66569877	0.14365467
0.039712153	0.12885012
0.64557207	-0.1731394
0.07314521	-0.18754697
0.5361271	-0.4286912
0.18711531	-0.42837536
0.5065178	-0.6493159
0.21825741	-0.6395145
0.65671	0.37322408
-0.04812993	0.318495
0.6301886	0.057305727
-0.002290655	0.011005186
0.6157683	-0.25816017
0.043467704	-0.30311653
0.5299921	-0.5253169
0.1556596	-0.5434073
0.49006847	-0.7477115
0.20517549	-0.7584857
0.7084849	0.4787405
0.021123251	0.4555022
0.6770357	0.1703138
0.06944466	0.15102546
0.6624609	-0.12207711
0.10919833	-0.15286303
0.55691004	-0.3643723
0.21497817	-0.36412942
0.5239613	-0.56476533
0.25023824	-0.56345946
0.74004185	0.54239094
0.01317961	0.47802284
0.7248326	0.2229587
0.070395626	0.16911043
0.7186136	-0.09681425
0.12237939	-0.1665704
0.6168063	-0.37246984
0.24536613	-0.39647043
0.589634	-0.60343134
0.2942796	-0.6226798
0.73991036	0.6052753
0.06047091	0.5707225
0.7127267	0.30795524
0.08644515	0.27734575
0.6970794	-0.021064602
0.14207862	-0.044173777
0.6012019	-0.2611018
0.2487592	-0.26965493
0.5688874	-0.4750322
0.2827569	-0.47449726
0.7852901	0.6128243
0.10660679	0.61048865
0.7505705	0.31693155
0.13131247	0.3170208
0.7166228	-0.006320104
0.1711962	0.0031556115
0.6147986	-0.23781154
0.26279938	-0.22058238
0.56348604	-0.44114566
0.29747066	-0.43072492
0.76092064	0.46062708
0.056542292	0.4483293
0.7283857	0.14926478
0.1000814	0.13791001
0.70336545	-0.15453431
0.12875158	-0.1670467
0.59544355	-0.40570188
0.23908179	-0.3966369
0.5484229	-0.6204294
0.2632862	-0.6040331
0.75189114	0.49088705
0.06573657	0.42505166
0.7339222	0.18474026
0.11877696	0.11948744
0.7286452	-0.1306499
0.16303378	-0.19227019
0.6308575	-0.38762733
0.27951837	-0.40829974
0.59462225	-0.60602504
0.3203659	-0.6197437
0.6814587	0.28722864
-0.018828312	0.24888253
0.65164936	-0.024551105
0.029335776	-0.052524835
0.62812746	-0.33357662
0.06543961	-0.3624913
0.5287294	-0.58438265
0.16783516	-0.58462447
0.48810038	-0.79692274
0.20705402	-0.7973175
0.7245964	0.39181703
-0.00669829	0.36565617
0.69236124	0.067730784
0.044932015	0.045442365
0.6650064	-0.2511495
0.07271561	-0.2730773
0.567685	-0.5154362
0.18414515	-0.52252895
0.524017	-0.75296205
0.22067429	-0.74855196
0.6798829	0.48793453
-0.015584508	0.43073502
0.6566044	0.17388284
0.03611035	0.11335203
0.65484416	-0.12907283
0.0792575	-0.18765205
0.55352217	-0.39043242
0.20360026	-0.4114998
0.5309865	-0.607454
0.2439833	-0.6166683
0.75493824	0.54513645
0.07719681	0.5262634
0.727317	0.2383088
0.11307571	0.22299223
0.7014735	-0.092131734
0.14888714	-0.09809172
0.6115848	-0.32471752
0.25813922	-0.31977522
0.5583538	-0.5451691
0.2843925	-0.5357646
0.6936942	0.31887802
-0.0008056853	0.25633234
0.6720996	0.0015908778
0.04840342	-0.04502956
0.66570866	-0.3008013
0.08652453	-0.34328955
0.5666928	-0.56488806
0.20806175	-0.57484806
0.53015584	-0.77901787
0.24619557	-0.7939092
0.7329436	0.318303
0.048132055	0.270404
0.70996773	0.013131179
0.08827495	-0.021047821
0.7051661	-0.28434974
0.12908067	-0.33373362
0.6069957	-0.5403931
0.25012812	-0.5527823
0.572097	-0.7548386
0.28369117	-0.76543415
0.74718904	0.4554639
0.049805373	0.44076726
0.7179228	0.1434902
0.08698197	0.12906618
0.6871512	-0.16569197
0.11955851	-0.18110406
0.58156157	-0.41803777
0.2242514	-0.40585572
0.5441303	-0.62464994
0.25071394	-0.61976016
0.7627584	0.55064285
0.031619914	0.50433934
0.751397	0.23736556
0.09182524	0.1836298
0.7282237	-0.092094585
0.1297805	-0.14944634
0.6262605	-0.36389092
0.25249156	-0.37716025
0.5763258	-0.58952475
0.27756685	-0.5946844
0.74658847	0.39169502
0.056492664	0.3764326
0.71786505	0.08441745
0.09882333	0.06639627
0.6906177	-0.23049322
0.13117294	-0.24749213
0.5921617	-0.47413242
0.23584227	-0.46767068
0.547449	-0.68225104
0.267736	-0.6844802
0.7639114	0.46492642
0.057578497	0.3911032
0.7496451	0.15726678
0.11364424	0.087105036
0.7451714	-0.16174382
0.16687672	-0.23650932
0.6475912	-0.4337535
0.27666923	-0.4562779
0.613639	-0.66068983
0.32663247	-0.6764142
0.74203247	0.47139078
0.0316547	0.46389702
0.70432633	0.15729783
0.073120266	0.15413424
0.68173087	-0.15396497
0.106747404	-0.16162752
0.5770176	-0.40523684
0.21874721	-0.39629173
0.53389186	-0.6254101
0.24732539	-0.61063844
0.7086709	0.6119879
-0.02185429	0.53132975
0.69661117	0.28548425
0.03462953	0.21187691
0.69486034	-0.0557549
0.08845258	-0.1187231
0.6034095	-0.320423
0.22593799	-0.3624401
0.5746509	-0.56366855
0.26753277	-0.5816012
0.74002016	0.52957207
0.0729679	0.4995023
0.7179878	0.22674233
0.11143321	0.19390692
0.69522786	-0.080293775
0.15710184	-0.11178491
0.59908605	-0.31386542
0.25541925	-0.32221866
0.56118715	-0.5202242
0.2859989	-0.5196991
0.78335	0.44818443
0.081081286	0.4368538
0.74597824	0.14128992
0.12522303	0.13126534
0.7210491	-0.15355217
0.14876443	-0.17247558
0.61410505	-0.3957913
0.26245415	-0.38666135
0.5658372	-0.60108083
0.29217497	-0.5916873
