0.72171134	0.5758541
0.06918077	0.56921345
0.68639636	0.2816955
0.10037665	0.28311768
0.6635436	-0.027193164
0.12939224	-0.031224199
0.555254	-0.24598485
0.22317763	-0.24512948
0.5142229	-0.45814922
0.2642159	-0.44470102
0.78989947	0.24481216
0.07825698	0.24834223
0.748369	-0.0690467
0.11087571	-0.06829068
0.71697116	-0.38966623
0.14252572	-0.39526886
0.60153806	-0.63842076
0.23496386	-0.62259376
0.55273247	-0.8643663
0.26296362	-0.8431748
0.6928793	0.4062233
0.011354357	0.33666426
0.680282	0.08853818
0.06786315	0.025948634
0.66930056	-0.23399468
0.111798376	-0.29832
0.5827262	-0.49071473
0.23381767	-0.51756454
0.55932987	-0.71113956
0.27157104	-0.7295774
0.75349796	0.28790724
0.02659741	0.24524124
0.7297716	-0.02815068
0.075343944	-0.07225411
0.71825373	-0.33999488
0.122483745	-0.39569932
0.61068153	-0.61663944
0.23010723	-0.6304748
0.5730105	-0.8472738
0.27225843	-0.84641004
0.7259584	0.36545774
0.024485037	0.38567343
0.69520235	0.059602328
0.058021538	0.07159451
0.6555917	-0.2694045
0.085382335	-0.25597844
0.55356276	-0.51937443
0.18970849	-0.49652195
0.50273633	-0.74257076
0.21506926	-0.7270437
0.73519146	0.44914865
0.014841866	0.47264656
0.6972747	0.14343414
0.048149005	0.15551968
0.65068376	-0.18460947
0.07353763	-0.1635028
0.5392581	-0.42991555
0.17380919	-0.41231176
0.49402615	-0.6525167
0.19902447	-0.6352658
0.6583248	0.43393937
-0.014864093	0.45594352
0.61608255	0.13405898
0.012541115	0.16094679
0.5781293	-0.18664819
0.03355333	-0.16361243
0.47680613	-0.4190699
0.13078736	-0.3927299
0.4310248	-0.6245777
0.14941403	-0.61076045
0.73932934	0.2912316
0.052772284	0.2753018
0.70626986	-0.014943404
0.09223445	-0.022869743
0.6785587	-0.3303825
0.12712805	-0.33834636
0.5833017	-0.5670016
0.223951	-0.56092
0.53845006	-0.7895613
0.25313306	-0.7831537
0.67760783	0.35349885
-0.032708686	0.37254626
0.6390895	0.03706208
0.0020957815	0.0584852
0.59485435	-0.29811338
0.022496417	-0.26759496
0.4924449	-0.5459385
0.12262878	-0.51845205
0.4286215	-0.76864743
0.14147484	-0.7470412
0.7772306	0.27120978
0.06839817	0.25441647
0.7402872	-0.038658425
0.10216342	-0.0562121
0.72065413	-0.35436663
0.13569596	-0.3681497
0.61000764	-0.6093637
0.24090354	-0.60462093
0.5624274	-0.8256314
0.26769006	-0.81670773
0.7041497	0.524374
0.002799444	0.49108335
0.66832733	0.20887081
0.043215107	0.18593518
0.63800496	-0.09550135
0.08154978	-0.124647215
0.54022944	-0.33384675
0.18717243	-0.34449625
0.49981284	-0.5399841
0.22440463	-0.5394456
0.7125741	0.39002833
0.040860675	0.3726016
0.6845608	0.07709178
0.08034768	0.07330851
0.64849544	-0.2314393
0.10435389	-0.22555995
0.5471623	-0.46694916
0.20623444	-0.4526711
0.5050165	-0.6724174
0.23390704	-0.6612471
0.6011751	0.48787618
-0.08822628	0.43896937
0.5726515	0.16597128
-0.04002963	0.12471454
0.5582588	-0.16204815
0.0066028433	-0.19641711
0.4706553	-0.39768153
0.11476971	-0.40740445
0.43658108	-0.6208489
0.15903538	-0.62777764
0.79289424	0.32065478
0.13616031	0.31930125
0.7567253	0.024255635
0.1716476	0.028408192
0.719645	-0.27604902
0.1962637	-0.27984765
0.6202874	-0.49821615
0.285623	-0.47849444
0.5689529	-0.6983012
0.30857056	-0.6849855
0.5907946	0.38083375
-0.081599265	0.31947592
0.58436453	0.06202423
-0.027036564	0.020876784
0.5754354	-0.2579153
0.019008815	-0.29713616
0.48613816	-0.5086716
0.13701202	-0.52672315
0.4614287	-0.7240728
0.16300318	-0.7359749
0.7858592	0.4546436
0.051418602	0.5220854
0.729877	0.1445152
0.072134204	0.19757397
0.6721691	-0.18923245
0.08408877	-0.1370481
0.5433954	-0.437254
0.18264806	-0.392703
0.48853242	-0.6581042
0.19016343	-0.6213577
0.70145893	0.53968006
0.007946312	0.543628
0.6642499	0.23254061
0.040635884	0.240434
0.6363163	-0.07751273
0.06437515	-0.08207856
0.52373505	-0.31838197
0.17169239	-0.3028214
0.47938696	-0.53520477
0.2026264	-0.51387876
0.69243956	0.48575765
0.0011211708	0.45420584
0.6648332	0.18125533
0.044986293	0.15164793
0.6402786	-0.14428344
0.087311395	-0.17424186
0.5404515	-0.3819288
0.1924495	-0.3932861
0.5068192	-0.6032297
0.22280774	-0.60446435
0.76101565	0.32440424
0.06772391	0.32235032
0.72555757	0.017772833
0.10520095	0.016205084
0.69278896	-0.30024806
0.13117725	-0.30292165
0.5914339	-0.54323477
0.23230572	-0.53002346
0.5421478	-0.7592732
0.2599214	-0.75140595
0.6329579	0.34132314
-0.03718713	0.31557432
0.6096089	0.034485303
0.0039194077	0.009974262
0.58154464	-0.2866656
0.040400714	-0.2908967
0.48550662	-0.52395934
0.14127456	-0.53153247
0.45213863	-0.74337566
0.1670902	-0.74138486
0.7490175	0.3696292
0.0655208	0.40103206
0.7089983	0.056213558
0.10206442	0.084957756
0.6583526	-0.25735512
0.11819343	-0.2253295
0.55043256	-0.4858299
0.21247399	-0.45798138
0.50136733	-0.6916424
0.23044178	-0.67148495
0.74845856	0.5792984
0.024901256	0.5702097
0.71432793	0.2672064
0.057943106	0.25947127
0.68033063	-0.07247974
0.08853523	-0.08272582
0.5754398	-0.3266157
0.20413199	-0.330488
0.52594864	-0.5633354
0.22344556	-0.55225056
0.7311963	0.58600324
0.055395186	0.53417605
0.71357894	0.28765273
0.09730641	0.24029715
0.69707334	-0.025039094
0.14137249	-0.082493916
0.60582566	-0.27418944
0.25126633	-0.28868327
0.5607472	-0.48953494
0.30029044	-0.49540585
0.66893655	0.4067288
-0.027983513	0.3968521
0.6427347	0.10125146
0.0151852	0.084305465
0.6075312	-0.20255591
0.04363589	-0.21365047
0.5058775	-0.44915247
0.1477939	-0.4397104
0.46439773	-0.65139174
0.1779843	-0.64482355
0.7662958	0.5013482
0.095999114	0.49176827
0.7381996	0.19853762
0.1333814	0.18812
0.7109448	-0.083361514
0.16064377	-0.10783659
0.6012547	-0.3197072
0.2556664	-0.31482828
0.56951106	-0.50356793
0.28599918	-0.5029015
0.76285243	0.4386704
0.03046333	0.4395231
0.72811985	0.1222574
0.073489614	0.116037995
0.6890012	-0.20015486
0.10466983	-0.20294696
0.576836	-0.45725405
0.20449804	-0.44868675
0.5363994	-0.6795497
0.23854852	-0.6658691
0.6554904	0.29085743
-0.019447979	0.2153419
0.64294493	-0.020769393
0.02749227	-0.08918849
0.6394888	-0.3320962
0.08500904	-0.394625
0.5602585	-0.58987886
0.2005924	-0.6137413
0.53286946	-0.79343617
0.23732513	-0.81070626
0.6804476	0.317927
-0.004668666	0.37530148
0.6333644	0.0051966403
0.014368068	0.059549704
0.57842505	-0.3081282
0.03303189	-0.25723875
0.46928987	-0.5403919
0.11810155	-0.49761203
0.40639707	-0.7501147
0.1314703	-0.7170043
0.74359524	0.4706232
0.03229492	0.41516906
0.7226714	0.15748039
0.08692937	0.11153093
0.7128159	-0.14595191
0.13580632	-0.20309924
0.61607385	-0.40703484
0.24825679	-0.42266855
0.5845199	-0.6224146
0.29086477	-0.634423
0.7817683	0.31686196
0.10207405	0.2933433
0.7535212	0.021728957
0.13826536	0.005289968
0.72567284	-0.28460413
0.17126691	-0.30074382
0.6234101	-0.5244528
0.27088416	-0.5143881
0.57872415	-0.7285706
0.2976521	-0.7252586
0.7737109	0.33577406
0.100636415	0.27394766
0.7595898	0.013193009
0.15203573	-0.025290582
0.73452926	-0.2921507
0.19390461	-0.32538652
0.63263905	-0.5281496
0.2878211	-0.52120924
0.60573846	-0.7319293
0.32063192	-0.73569804
0.73676014	0.43500376
0.056560814	0.43337008
0.70219564	0.13431554
0.09711152	0.12480436
0.66964185	-0.18159156
0.118414775	-0.1877881
0.56815195	-0.42521673
0.22294474	-0.40964922
0.5277983	-0.6331514
0.25152534	-0.6203623
0.7317702	0.47248685
0.043675907	0.4716332
0.6904855	0.15932131
0.078748934	0.15893468
0.65995395	-0.16805972
0.108815834	-0.1697327
0.555871	-0.40768927
0.20736443	-0.39547238
0.5131952	-0.6291026
0.23202911	-0.61349165
